“очка_сбора	¬ысота_генеративного_побега	ƒлина_первого_листа	Ўирина_первого_листа	ƒлина_второго_листа	Ўирина_второго_листа	ƒлина_внешнего_околоцветника	Ўирина_внешнего_околоцветника	ƒлина_внутреннего_околоцветника	Ўирина_внутреннего_околоцветника	¬ысота_тычинки	¬ысота_пестика
√	4.5	8.4	1	7.6	0.6	1.9	0.7	2	1	1.2	1
√	4.2	7.4	0.9	7	0.6	2.4	0.8	2.3	1.1	1.3	1.2
√	5.8	10.2	1.1	9.3	0.7	2.9	0.8	2.9	1.1	1.9	1.3
√	4.7	8.5	1.1	7.6	0.9	2.2	0.7	2.3	1.1	1.6	1.4
√	4.3	7.7	1.2	7.9	0.7	2.5	0.8	2.4	1.2	1.3	1.2
√	6	8.5	1	8	0.6	2.3	0.7	2.7	1	1.6	1.4
√	2.7	8.5	0.9	7	0.7	2.3	0.6	2.4	1	1.8	1.2
√	4.1	7	0.6	5.8	0.5	2	0.5	2.1	0.7	1.3	0.8
√	6.1	8.5	0.8	8	0.6	2.1	0.6	2.2	0.9	1.3	0.9
√	6.8	11	1.1	10	0.7	2.7	0.9	2.8	1.6	1.7	1.6
√	4.6	8.5	1	8.2	0.6	2.1	0.7	1.9	1	1.1	0.6
√	4	8.5	0.6	7.1	0.4	1.9	0.5	2	0.8	1.3	1
√	4.3	7.8	0.9	7.6	0.7	1.8	0.6	1.9	0.8	1.4	1.2
√	5	8.4	0.7	8.3	0.5	2.4	0.7	2.2	0.9	1.3	0.7
√	5.3	10.3	1.1	8.7	0.7	1.9	0.6	2	0.7	1.2	0.8
»	12.5	14.2	1.7	11.7	0.9	2.5	0.5	2.434	0.552	1.6	1.503
»	14.8	12.5	1.1	12	0.7	2.7	0.4	2.498	0.441	1.4	1.476
»	13.8	12.3	1	12	0.8	2.3	0.4	2.178	0.487	1.6	1.211
»	7.5	11.3	1	10.8	0.7	1.8	0.3	1.649	0.371	1.1	0.827
»	9	12.5	1.6	11.6	0.9	2.3	0.5	2.232	0.617	1.8	1.15
»	6.4	14.2	1.7	12.7	0.8	1.9	0.4	1.886	0.52	1.9	0.789
»	8.5	14.7	1.7	11.4	0.9	2.3	0.6	2.313	0.752	1.6	1.326
»	7.5	12	1.6	11.2	0.9	2.2	0.5	2	0.7	1.9	1.205
»	7	11.5	1.1	9.2	0.8	2.4	0.6	2.343	0.781	1.3	1.358
»	6.5	10	1.1	9.6	0.7	1.9	0.5	1.838	0.683	1.2	0.953
»	9	12.6	1.7	12	1.1	2.5	0.7	2.335	0.877	1.2	1.311
»	12.3	14	1.1	12.3	0.9	2.4	0.7	2.347	0.948	1.3	1.352
»	9.2	11.3	1	10.5	0.8	2	0.5	1.934	0.669	1.3	1.056
»	6	10.3	1.3	10	0.7	2	0.4	1.866	0.498	1.2	0.95
»	12.3	12.5	1	12	0.7	2.4	0.5	2.264	0.652	1.3	1.246
Ћ	4	11.2	1.3	10.5	0.8	2	0.4	1.866	0.446	1.2	0.5
Ћ	12.5	13	1.1	11.8	0.7	3	0.724	2.949	1.138	1.6	1.638
Ћ	8	15	1.5	14.5	0.9	2.5	0.6	2.4	0.4	1.6	1.1
Ћ	15	18.5	1.9	17	1.1	3	1	2.9	1	1.6	1.4
Ћ	6.8	11	1.1	10.7	0.7	2.2	0.6	2.05	0.821	0.8	1.2
Ћ	5.5	10.5	1.1	9.5	0.7	2.2	0.6	2.4	0.893	1.2	1.232
Ћ	5.5	10.4	0.9	9	0.6	2	0.6	2	0.862	1.2	1.069
Ћ	5.4	11	1	10.5	0.6	2.5	0.6	2.386	0.852	1.4	1.114
Ћ	6	11	1.2	9.5	0.7	2.5	0.6	2.4	0.759	1.5	1.1
Ћ	6.3	11	0.9	9.8	0.6	2	0.5	1.9	0.691	1.4	1.029
Ћ	4	9	1.1	8	0.6	2	0.5	1.94	0.673	1.1	1.044
Ћ	4	10.5	1	9	0.5	1.8	0.5	1.858	0.743	1.5	0.857
Ћ	7.5	14	1.2	11	0.7	2.5	0.7	2.6	0.9	1.5	1.2
Ћ	5.5	10.3	1.1	9	0.8	2.1	0.6	2	0.8	1.5	1.2
Ћ	10.8	14.5	1.4	14	0.9	3	0.8	2.9	1.1	1.7	1.5
Ћ	8	10.5	1.2	10.2	0.7	2.4	0.8	2.5	1.1	1.7	1.3
Ћ	8	11	1.3	10.5	0.8	2.5	0.7	2.4	0.9	1.6	1.3
Ћ	5.5	12.7	1.3	11.4	1	2.4	0.8	2.3	1.1	1.6	1.4
Ћ	3	12	1.2	10.5	0.9	1.9	0.7	1.8	0.9	1.1	0.6
Ћ	7	11.5	1.8	11.4	1.1	2.5	0.8	2.3	1.2	1.5	1.2
Ћ	10	12.5	1.6	12.1	1	2.4	0.9	2.4	1.3	1.4	1.3
Ћ	5.5	13.2	1.4	12.4	0.9	2.4	0.8	2.3	1.1	1.3	0.8
Ћ	9	10.5	1.1	9.3	0.7	2.3	0.7	2.2	0.9	1.5	1.3
Ћ	11	15.5	1.2	14	0.8	2.3	0.8	2.3	1.8	1.4	1.2
Ћ	11	17	1.3	16.2	0.8	2.9	0.7	2.8	1.2	1.5	0.9
ќ	6.2	9.4	0.7	8.8	0.6	2.2	0.6	2.1	0.9	0.7	1.4
ќ	9.3	12.7	1.2	11.7	0.9	2.9	0.7	2.8	1.1	1	1.3
ќ	9.2	12.3	0.9	11.5	0.7	2.9	0.7	2.7	0.8	1.9	2
ќ	6	10	1	9.4	0.7	2.1	0.6	2	0.9	1	1.3
ќ	5.6	9.2	0.7	8.2	0.4	2.3	0.6	2.3	0.7	1.1	1.2
ќ	2.6	9.5	0.7	8.8	0.5	1.9	0.5	1.8	0.7	0.7	1.3
ќ	5	10.3	1.3	8.5	0.8	2.1	0.7	2.1	0.8	0.9	1.6
ќ	3.8	10.5	1.7	10	0.5	2	0.5	1.9	0.8	0.8	1.2
ќ	4.7	10	0.6	8.5	0.4	2.1	0.6	1.9	0.8	0.8	1.1
ќ	6.2	11	0.8	9.2	0.5	2.5	0.6	2.3	0.9	1	1.4
ќ	6	12.3	1	11.4	0.6	2.3	0.7	2.3	1.1	0.7	1.3
ќ	4.3	10	1.2	8.6	0.7	2.3	0.6	2.2	1	1.2	1.5
ќ	5	11.5	1.1	10.5	0.7	2.5	0.8	2.3	1	0.6	1.1
ќ	7	10.4	0.8	8.8	0.5	2.4	0.6	2.2	0.8	1	1.3
ќ	7	9.5	1.1	8.7	0.7	2.1	0.7	2.1	0.8	1	1.2
’	7.4	12.2	1.2	10.9	0.8	1.9	0.6	1.895	0.84	1.3	0.977
’	8.3	13.3	1.2	11.9	0.8	2	0.6	1.954	0.835	1.2	1.005
’	6.2	8.9	0.9	7.9	0.6	2	0.516	2.027	0.876	1.3	1.122
’	10	15.6	1.1	14	0.8	2.4	0.6	2.307	0.843	1.5	1.089
’	7	12.1	1.2	10.4	0.9	2	0.5	1.916	0.639	1.2	1.059
’	5	9.5	0.8	8.5	0.6	2	0.5	1.972	0.685	1.2	0.9
’	6	7.6	0.6	6.8	0.5	1.9	0.4	1.889	0.513	1.1	0.9
’	12	9.3	0.9	9	0.8	2.2	0.5	2.121	0.625	1.3	1.333
’	9.7	8.7	1.2	7.7	0.8	2.2	0.6	2.206	0.763	1.4	1.414
’	5	9	0.8	8	0.6	1.8	0.4	1.74	0.543	1.1	0.937
’	7.5	11.2	1	10	0.6	2.4	0.5	2.293	0.664	1.3	1.219
’	7.5	12	1	11.2	0.6	1.9	0.6	1.891	0.886	1.2	0.906
’	5.7	9	0.6	8	0.5	1.9	0.5	1.8	0.705	1.2	1.028
’	5.3	9	0.8	7.5	0.6	1.7	0.4	1.685	0.54	1.1	0.967
’	6.8	12	1.2	10	0.6	1.9	0.4	1.8	0.495	1.1	1.119
Ѕ	5.622	9.3	1.1	8.8	0.7	2.168	0.611	2.212	0.959	1.286	1.147
Ѕ	6.931	11.5	1.2	10	0.8	2.243	0.625	2.273	0.97	1.377	1.22
Ѕ	6.7	11.5	1.4	9.5	1	2.222	0.674	2.271	1	1.519	1.271
Ѕ	7.041	10.8	1	10	0.7	2.26	0.61	2.296	0.981	1.286	1.17
Ѕ	6.002	11	1	9.2	0.6	2.139	0.557	2.157	0.882	1.242	1.193
Ѕ	5.783	12.5	1.2	9	0.7	2.074	0.552	2.08	0.825	1.35	1.286
Ѕ	3.5	9.2	1	7.5	0.6	1.978	0.564	1.996	0.838	1.205	1.12
Ѕ	4.5	9.5	1.1	8.5	0.8	2.098	0.649	2.163	0.958	1.303	1.131
Ѕ	6.647	10	1.1	9.5	0.8	2.248	0.644	2.301	1.015	1.346	1.168
Ѕ	1.5	10.5	1.3	9.5	0.9	2.039	0.726	1.967	0.913	1.27	0.901
Ѕ	6.726	11	1.4	10	0.9	2.266	0.664	2.301	1.009	1.446	1.216
Ѕ	5.3	11	1	11.2	0.7	2.272	0.668	2.252	0.995	1.182	0.975
Ѕ	6.016	10	0.9	9	0.6	2.16	0.573	2.197	0.924	1.217	1.153
Ѕ	6.8	15	1.2	13.5	0.9	2.383	0.714	2.344	1.018	1.323	1.075
Ѕ	11.913	16.2	1.5	15	1.1	2.686	0.737	2.688	1.169	1.598	1.305
